0.0
0.7083333333333334
1.4166666666666667
2.125
2.8333333333333335
3.541666666666667
4.25
4.958333333333333
5.666666666666666
6.374999999999999
7.083333333333332
7.791666666666665
8.499999999999998
9.208333333333332
9.916666666666666
10.625
11.333333333333334
12.041666666666668
12.750000000000002
13.458333333333336
14.16666666666667
14.875000000000004
15.583333333333337
16.29166666666667
17.000000000000004
17.708333333333336
18.416666666666668
19.125
19.833333333333332
20.541666666666664
21.249999999999996
21.95833333333333
22.66666666666666
23.374999999999993
24.083333333333325
24.791666666666657
25.49999999999999
26.20833333333332
26.916666666666654
27.624999999999986
28.333333333333318
29.04166666666665
29.749999999999982
30.458333333333314
31.166666666666647
31.87499999999998
32.583333333333314
33.29166666666665
33.999999999999986
34.70833333333332
35.41666666666666
36.12499999999999
36.83333333333333
37.541666666666664
38.25
38.958333333333336
39.66666666666667
40.37500000000001
41.08333333333334
41.79166666666668
42.500000000000014
43.20833333333335
43.916666666666686
44.62500000000002
45.33333333333336
46.04166666666669
46.75000000000003
47.458333333333364
48.1666666666667
48.875000000000036
49.58333333333337
50.29166666666671
51.00000000000004
51.70833333333338
52.416666666666714
53.12500000000005
53.833333333333385
54.54166666666672
55.25000000000006
55.95833333333339
56.66666666666673
57.375000000000064
58.0833333333334
58.791666666666735
59.50000000000007
60.20833333333341
60.91666666666674
61.62500000000008
62.333333333333414
63.04166666666675
63.750000000000085
64.45833333333341
65.16666666666674
65.87500000000007
66.5833333333334
67.29166666666673
68.00000000000006
68.70833333333339
69.41666666666671
70.12500000000004
70.83333333333337
71.5416666666667
72.25000000000003
72.95833333333336
73.66666666666669
74.37500000000001
75.08333333333334
75.79166666666667
76.5
77.20833333333333
77.91666666666666
78.62499999999999
79.33333333333331
80.04166666666664
80.74999999999997
81.4583333333333
82.16666666666663
82.87499999999996
83.58333333333329
84.29166666666661
84.99999999999994
85.70833333333327
86.4166666666666
87.12499999999993
87.83333333333326
88.54166666666659
89.24999999999991
89.95833333333324
90.66666666666657
91.3749999999999
92.08333333333323
92.79166666666656
93.49999999999989
94.20833333333321
94.91666666666654
95.62499999999987
96.3333333333332
97.04166666666653
97.74999999999986
98.45833333333319
99.16666666666652
99.87499999999984
100.58333333333317
101.2916666666665
101.99999999999983
102.70833333333316
103.41666666666649
104.12499999999982
104.83333333333314
105.54166666666647
106.2499999999998
106.95833333333313
107.66666666666646
108.37499999999979
109.08333333333312
109.79166666666644
110.49999999999977
111.2083333333331
111.91666666666643
112.62499999999976
113.33333333333309
114.04166666666642
114.74999999999974
115.45833333333307
116.1666666666664
116.87499999999973
117.58333333333306
118.29166666666639
118.99999999999972
119.70833333333304
120.41666666666637
121.1249999999997
121.83333333333303
122.54166666666636
123.24999999999969
123.95833333333302
124.66666666666634
125.37499999999967
126.083333333333
126.79166666666633
127.49999999999966
128.208333333333
128.91666666666634
129.6249999999997
130.33333333333303
131.04166666666637
131.74999999999972
132.45833333333306
133.1666666666664
133.87499999999974
134.5833333333331
135.29166666666643
135.99999999999977
136.70833333333312
137.41666666666646
138.1249999999998
138.83333333333314
139.5416666666665
140.24999999999983
140.95833333333317
141.66666666666652
142.37499999999986
143.0833333333332
143.79166666666654
144.4999999999999
145.20833333333323
145.91666666666657
146.62499999999991
147.33333333333326
148.0416666666666
148.74999999999994
149.4583333333333
150.16666666666663
150.87499999999997
151.58333333333331
152.29166666666666
153.0
153.70833333333334
154.41666666666669
155.12500000000003
155.83333333333337
156.5416666666667
157.25000000000006
157.9583333333334
158.66666666666674
159.37500000000009
160.08333333333343
160.79166666666677
161.5000000000001
162.20833333333346
162.9166666666668
163.62500000000014
164.33333333333348
165.04166666666683
165.75000000000017
166.4583333333335
167.16666666666686
167.8750000000002
168.58333333333354
169.29166666666688
170.00000000000023
170.70833333333357
171.4166666666669
172.12500000000026
172.8333333333336
173.54166666666694
174.25000000000028
174.95833333333363
175.66666666666697
176.3750000000003
177.08333333333366
177.791666666667
178.50000000000034
179.20833333333368
179.91666666666703
180.62500000000037
181.3333333333337
182.04166666666706
182.7500000000004
183.45833333333374
184.16666666666708
184.87500000000043
185.58333333333377
186.2916666666671
187.00000000000045
187.7083333333338
188.41666666666714
189.12500000000048
189.83333333333383
190.54166666666717
191.2500000000005
191.95833333333385
192.6666666666672
193.37500000000054
194.08333333333388
194.79166666666723
195.50000000000057
196.2083333333339
196.91666666666725
197.6250000000006
198.33333333333394
199.04166666666728
199.75000000000063
200.45833333333397
201.1666666666673
201.87500000000065
202.583333333334
203.29166666666734
204.00000000000068
204.70833333333402
205.41666666666737
206.1250000000007
206.83333333333405
207.5416666666674
208.25000000000074
208.95833333333408
209.66666666666742
210.37500000000077
211.0833333333341
211.79166666666745
212.5000000000008
213.20833333333414
213.91666666666748
214.62500000000082
215.33333333333417
216.0416666666675
216.75000000000085
217.4583333333342
218.16666666666754
218.87500000000088
219.58333333333422
220.29166666666757
221.0000000000009
221.70833333333425
222.4166666666676
223.12500000000094
223.83333333333428
224.54166666666762
225.25000000000097
225.9583333333343
226.66666666666765
227.375000000001
228.08333333333434
228.79166666666768
229.50000000000102
230.20833333333437
230.9166666666677
231.62500000000105
232.3333333333344
233.04166666666774
233.75000000000108
234.45833333333442
235.16666666666777
235.8750000000011
236.58333333333445
237.2916666666678
238.00000000000114
238.70833333333448
239.41666666666782
240.12500000000117
240.8333333333345
241.54166666666785
242.2500000000012
242.95833333333454
243.66666666666788
244.37500000000122
245.08333333333456
245.7916666666679
246.50000000000125
247.2083333333346
247.91666666666794
248.62500000000128
249.33333333333462
250.04166666666796
250.7500000000013
251.45833333333465
252.166666666668
252.87500000000134
253.58333333333468
254.29166666666802
-255.00000000000136
-254.29166666666802
-253.58333333333468
-252.87500000000134
-252.166666666668
-251.45833333333465
-250.7500000000013
-250.04166666666796
-249.33333333333462
-248.62500000000128
-247.91666666666794
-247.2083333333346
-246.50000000000125
-245.7916666666679
-245.08333333333456
-244.37500000000122
-243.66666666666788
-242.95833333333454
-242.2500000000012
-241.54166666666785
-240.8333333333345
-240.12500000000117
-239.41666666666782
-238.70833333333448
-238.00000000000114
-237.2916666666678
-236.58333333333445
-235.8750000000011
-235.16666666666777
-234.45833333333442
-233.75000000000108
-233.04166666666774
-232.3333333333344
-231.62500000000105
-230.9166666666677
-230.20833333333437
-229.50000000000102
-228.79166666666768
-228.08333333333434
-227.375000000001
-226.66666666666765
-225.9583333333343
-225.25000000000097
-224.54166666666762
-223.83333333333428
-223.12500000000094
-222.4166666666676
-221.70833333333425
-221.0000000000009
-220.29166666666757
-219.58333333333422
-218.87500000000088
-218.16666666666754
-217.4583333333342
-216.75000000000085
-216.0416666666675
-215.33333333333417
-214.62500000000082
-213.91666666666748
-213.20833333333414
-212.5000000000008
-211.79166666666745
-211.0833333333341
-210.37500000000077
-209.66666666666742
-208.95833333333408
-208.25000000000074
-207.5416666666674
-206.83333333333405
-206.1250000000007
-205.41666666666737
-204.70833333333402
-204.00000000000068
-203.29166666666734
-202.583333333334
-201.87500000000065
-201.1666666666673
-200.45833333333397
-199.75000000000063
-199.04166666666728
-198.33333333333394
-197.6250000000006
-196.91666666666725
-196.2083333333339
-195.50000000000057
-194.79166666666723
-194.08333333333388
-193.37500000000054
-192.6666666666672
-191.95833333333385
-191.2500000000005
-190.54166666666717
-189.83333333333383
-189.12500000000048
-188.41666666666714
-187.7083333333338
-187.00000000000045
-186.2916666666671
-185.58333333333377
-184.87500000000043
-184.16666666666708
-183.45833333333374
-182.7500000000004
-182.04166666666706
-181.3333333333337
-180.62500000000037
-179.91666666666703
-179.20833333333368
-178.50000000000034
-177.791666666667
-177.08333333333366
-176.3750000000003
-175.66666666666697
-174.95833333333363
-174.25000000000028
-173.54166666666694
-172.8333333333336
-172.12500000000026
-171.4166666666669
-170.70833333333357
-170.00000000000023
-169.29166666666688
-168.58333333333354
-167.8750000000002
-167.16666666666686
-166.4583333333335
-165.75000000000017
-165.04166666666683
-164.33333333333348
-163.62500000000014
-162.9166666666668
-162.20833333333346
-161.5000000000001
-160.79166666666677
-160.08333333333343
-159.37500000000009
-158.66666666666674
-157.9583333333334
-157.25000000000006
-156.5416666666667
-155.83333333333337
-155.12500000000003
-154.41666666666669
-153.70833333333334
-153.0
-152.29166666666666
-151.58333333333331
-150.87499999999997
-150.16666666666663
-149.4583333333333
-148.74999999999994
-148.0416666666666
-147.33333333333326
-146.62499999999991
-145.91666666666657
-145.20833333333323
-144.4999999999999
-143.79166666666654
-143.0833333333332
-142.37499999999986
-141.66666666666652
-140.95833333333317
-140.24999999999983
-139.5416666666665
-138.83333333333314
-138.1249999999998
-137.41666666666646
-136.70833333333312
-135.99999999999977
-135.29166666666643
-134.5833333333331
-133.87499999999974
-133.1666666666664
-132.45833333333306
-131.74999999999972
-131.04166666666637
-130.33333333333303
-129.6249999999997
-128.91666666666634
-128.208333333333
-127.49999999999967
-126.79166666666634
-126.08333333333302
-125.37499999999969
-124.66666666666636
-123.95833333333303
-123.2499999999997
-122.54166666666637
-121.83333333333304
-121.12499999999972
-120.41666666666639
-119.70833333333306
-118.99999999999973
-118.2916666666664
-117.58333333333307
-116.87499999999974
-116.16666666666642
-115.45833333333309
-114.74999999999976
-114.04166666666643
-113.3333333333331
-112.62499999999977
-111.91666666666644
-111.20833333333312
-110.49999999999979
-109.79166666666646
-109.08333333333313
-108.3749999999998
-107.66666666666647
-106.95833333333314
-106.24999999999982
-105.54166666666649
-104.83333333333316
-104.12499999999983
-103.4166666666665
-102.70833333333317
-101.99999999999984
-101.29166666666652
-100.58333333333319
-99.87499999999986
-99.16666666666653
-98.4583333333332
-97.74999999999987
-97.04166666666654
-96.33333333333321
-95.62499999999989
-94.91666666666656
-94.20833333333323
-93.4999999999999
-92.79166666666657
-92.08333333333324
-91.37499999999991
-90.66666666666659
-89.95833333333326
-89.24999999999993
-88.5416666666666
-87.83333333333327
-87.12499999999994
-86.41666666666661
-85.70833333333329
-84.99999999999996
-84.29166666666663
-83.5833333333333
-82.87499999999997
-82.16666666666664
-81.45833333333331
-80.74999999999999
-80.04166666666666
-79.33333333333333
-78.625
-77.91666666666667
-77.20833333333334
-76.50000000000001
-75.79166666666669
-75.08333333333336
-74.37500000000003
-73.6666666666667
-72.95833333333337
-72.25000000000004
-71.54166666666671
-70.83333333333339
-70.12500000000006
-69.41666666666673
-68.7083333333334
-68.00000000000007
-67.29166666666674
-66.58333333333341
-65.87500000000009
-65.16666666666676
-64.45833333333343
-63.75000000000009
-63.04166666666676
-62.33333333333342
-61.625000000000085
-60.91666666666675
-60.208333333333414
-59.50000000000008
-58.79166666666674
-58.08333333333341
-57.37500000000007
-56.666666666666735
-55.9583333333334
-55.250000000000064
-54.54166666666673
-53.83333333333339
-53.12500000000006
-52.41666666666672
-51.708333333333385
-51.00000000000005
-50.291666666666714
-49.58333333333338
-48.87500000000004
-48.16666666666671
-47.45833333333337
-46.750000000000036
-46.0416666666667
-45.333333333333364
-44.62500000000003
-43.91666666666669
-43.20833333333336
-42.50000000000002
-41.791666666666686
-41.08333333333335
-40.375000000000014
-39.66666666666668
-38.95833333333334
-38.25000000000001
-37.54166666666667
-36.833333333333336
-36.125
-35.416666666666664
-34.70833333333333
-33.99999999999999
-33.29166666666666
-32.58333333333332
-31.87499999999999
-31.166666666666657
-30.458333333333325
-29.749999999999993
-29.04166666666666
-28.33333333333333
-27.624999999999996
-26.916666666666664
-26.208333333333332
-25.5
-24.791666666666668
-24.083333333333336
-23.375000000000004
-22.66666666666667
-21.95833333333334
-21.250000000000007
-20.541666666666675
-19.833333333333343
-19.12500000000001
-18.41666666666668
-17.708333333333346
-17.000000000000014
-16.291666666666682
-15.583333333333348
-14.875000000000014
-14.16666666666668
-13.458333333333346
-12.750000000000012
-12.041666666666679
-11.333333333333345
-10.62500000000001
-9.916666666666677
-9.208333333333343
-8.500000000000009
-7.791666666666676
-7.083333333333343
-6.37500000000001
-5.666666666666677
-4.958333333333344
-4.250000000000011
-3.541666666666677
-2.8333333333333437
-2.12500000000001
-1.4166666666666767
-0.7083333333333434
